BRADİKARDİ
----------
Time:		Bradikardi Value:
0.87875			0.102797
2.87812			0.1028
4.8775			0.102741




NORMAL
----------
Time:		Normal Value:
0.201375			0.081525
0.951375			0.081101
1.70037			0.079127
2.45087			0.079736
3.20063			0.080078
3.95038			0.079271
4.69963			0.079683




TAŞİKARDİ
----------
Time:		Taşikardi Value:
0.1955			0.11193
0.5285			0.114724
0.86175			0.115514
1.195			0.114333
1.5285			0.111361
1.86163			0.11123
2.19462			0.112096
2.52787			0.113623
2.86112			0.112203
3.1945			0.111292
3.52775			0.112015
3.861			0.113059
4.194			0.111768
4.52725			0.111347
4.86062			0.112147




